2 0.738397479057312 0.0928402841091156 0.45863938331604004 0.02202989161014557
0 0.7378408312797546 0.22777341306209564 0.4552997350692749 0.23682138323783875
0 0.7311615943908691 0.4720692038536072 0.4486205577850342 0.2360346019268036
0 0.7356144189834595 0.69236820936203 0.45307332277297974 0.19040119647979736
0 0.7356144189834595 0.8741148710250854 0.4397149682044983 0.16050350666046143
0 0.26695626974105835 0.18450039625167847 0.4530733823776245 0.20692366361618042
0 0.2619468569755554 0.40833985805511475 0.46309220790863037 0.23446103930473328
0 0.26806944608688354 0.6416207551956177 0.4530733823776245 0.2069237232208252
0 0.2702958583831787 0.8516916036605835 0.4530733823776245 0.20220303535461426
2 0.49905896186828613 0.06372934579849243 0.9172787666320801 0.036191970109939575
