0 0.737284243106842 0.1841070055961609 0.4564129114151001 0.27222657203674316
0 0.7356144785881042 0.4252557158470154 0.44416773319244385 0.14712822437286377
0 0.7356144189834595 0.574350893497467 0.4552997946739197 0.14948856830596924
0 0.7367276549339294 0.7368214130401611 0.4552997350692749 0.16129028797149658
0 0.7378408312797546 0.8902438879013062 0.4552997350692749 0.13611328601837158
0 0.2636166214942932 0.1266719102859497 0.4686582088470459 0.15106216073036194
0 0.266399621963501 0.29346969723701477 0.46086573600769043 0.1715185046195984
0 0.2708524465560913 0.4712824523448944 0.45196008682250977 0.17781275510787964
0 0.26862603425979614 0.6817466616630554 0.4564129114151001 0.23524785041809082
2 0.266399621963501 0.8143194317817688 0.45641303062438965 0.020456314086914062
0 0.26918262243270874 0.8906372785568237 0.4508470296859741 0.12903225421905518
