0 0.26271575736950875 0.18410700236034613 0.4564129683114347 0.2722265932336742
0 0.2643855609121115 0.4252557041699449 0.4441677423323474 0.14712824547600312
0 0.2643855609121116 0.5743509047993706 0.4552997659496995 0.1494885916601101
0 0.26327235855037634 0.7368214004720692 0.4552997659496995 0.16129032258064527
0 0.26215915618864116 0.8902439024390244 0.4552997659496995 0.13611329661683713
0 0.7363833622878392 0.12667191188040913 0.4686581942905221 0.15106215578284818
0 0.7336003563835011 0.2934697088906373 0.46086577775837545 0.17151848937844216
0 0.7291475469365604 0.47128245476003144 0.4519601588644938 0.1778127458693941
0 0.7313739516600307 0.6817466561762392 0.4564129683114346 0.2352478363493313
2 0.7336003563835011 0.8143194335169158 0.4564129683114348 0.020456333595594033
0 0.7308173504791631 0.890637293469709 0.45084695650275874 0.12903225806451615
