2 0.2616025550077735 0.0928402832415421 0.4586393730349051 0.022029897718332005
0 0.26215915618864116 0.22777340676632568 0.4552997659496995 0.2368214004720692
0 0.2688383703590524 0.4720692368214005 0.4486205517792883 0.23603461841070028
0 0.2643855609121115 0.6923682140047208 0.45307336122622904 0.19040125885129824
0 0.2643855609121116 0.8741148701809598 0.43971493288540664 0.16050354051927626
0 0.7330437552026335 0.18450039339103072 0.45307336122622893 0.20692368214004722
0 0.738053165830442 0.40833988985051145 0.46309218248184586 0.23446105428796218
0 0.7319305528408984 0.6416207710464197 0.45307336122622893 0.20692368214004697
0 0.729704148117428 0.8516915814319433 0.45307336122622915 0.20220298977183324
2 0.5009410627808429 0.06372934697088907 0.9172787460698102 0.036191974822974045
