2 0.2716213762633904 0.2242328874901652 0.46086577775837545 0.03304484657749804
2 0.5076202769512542 0.19394177812745866 0.9105995318993989 0.02439024390243901
0 0.26549876327384675 0.7336742722265933 0.4575261706731699 0.16915814319433523
0 0.26772516799731716 0.8839496459480725 0.4508469565027587 0.11565696302124294
0 0.7274777433939574 0.5668764752163651 0.45084695650275874 0.2856018882769473
0 0.7302607492982954 0.31825334382376086 0.4497337541410235 0.20849724626278515
0 1.3568215393743244 0.7659323367427223 0.2378810262495496 0.11723052714398108
1 0.26772516799731716 0.44138473642800946 0.4597525753966403 0.4107002360346184
1 0.5037240686851809 0.1188040912667191 0.9272975673254271 0.1258851298190401
0 0.7252513386704871 0.8288749016522423 0.4486205517792883 0.23524783634933125
