0 0.26549876327384675 0.15342250196695517 0.4552997659496995 0.1982690794649882
0 0.7308173504791631 0.11919748229740361 0.45307336122622904 0.1282454760031471
0 0.7291475469365609 0.2399685287175452 0.44082813524714193 0.10857592446892195
2 0.732487154021766 0.3044846577498033 0.44305453997061206 0.015735641227380023
0 0.7324871540217659 0.45121951219512196 0.4541865635879643 0.27616050354051935
0 0.732487154021766 0.6762391817466562 0.4497337541410235 0.16443745082612118
0 0.7302607492982954 0.8505114083398898 0.4564129683114348 0.1746656176239182
0 0.2627157573695088 0.3394964594807238 0.45418656358796433 0.16758457907159718
0 0.2643855609121115 0.5094413847364281 0.441941337608877 0.12037765538945715
0 0.26327235855037634 0.6789929189614476 0.4552997659496995 0.20456333595594026
0 0.2627157573695087 0.8627065302911093 0.4586393730349051 0.15184893784421719
2 0.26327235855037634 0.4350904799370574 0.4575261706731699 0.025177025963808008
