2 0.2616025507450104 0.907159686088562 0.45863938331604004 0.02202989161014557
0 0.26215916872024536 0.7722265720367432 0.4552997350692749 0.23682138323783875
0 0.26883837580680847 0.5279307961463928 0.4486205577850342 0.2360346019268036
0 0.26438555121421814 0.30763179063796997 0.45307332277297974 0.19040119647979736
0 0.26438555121421814 0.12588512897491455 0.4397149682044983 0.16050350666046143
0 0.7330437302589417 0.8154996037483215 0.4530733823776245 0.20692366361618042
0 0.7380531430244446 0.5916601419448853 0.46309220790863037 0.23446103930473328
0 0.7319305539131165 0.3583792448043823 0.4530733823776245 0.2069237232208252
0 0.7297041416168213 0.1483083963394165 0.4530733823776245 0.20220303535461426
2 0.5009410381317139 0.9362706542015076 0.9172787666320801 0.036191970109939575
