0 0.26271575689315796 0.8158929944038391 0.4564129710197449 0.27222657203674316
0 0.26438555121421814 0.5747442841529846 0.44416773319244385 0.14712822437286377
0 0.26438555121421814 0.42564910650253296 0.4552997946739197 0.14948856830596924
0 0.26327234506607056 0.26317858695983887 0.4552997350692749 0.16129028797149658
0 0.26215916872024536 0.10975611209869385 0.4552997350692749 0.13611328601837158
0 0.7363833785057068 0.8733280897140503 0.4686582088470459 0.15106216073036194
0 0.733600378036499 0.7065303325653076 0.46086573600769043 0.1715185046195984
0 0.7291475534439087 0.5287175178527832 0.45196008682250977 0.17781275510787964
0 0.7313739657402039 0.3182533383369446 0.4564129114151001 0.23524785041809082
2 0.733600378036499 0.1856805682182312 0.45641303062438965 0.020456314086914062
0 0.7308173775672913 0.10936272144317627 0.4508470296859741 0.12903225421905518
