0 0.2654987573623657 0.1534225046634674 0.4552997350692749 0.1982690691947937
0 0.7308173775672913 0.11919748783111572 0.4530733823776245 0.12824547290802002
0 0.7291475534439087 0.23996852338314056 0.4408280849456787 0.10857591032981873
2 0.732487142086029 0.30448466539382935 0.44305455684661865 0.015735626220703125
0 0.732487142086029 0.45121949911117554 0.4541865587234497 0.27616047859191895
0 0.732487142086029 0.6762391924858093 0.4497337341308594 0.1644374132156372
0 0.7302607297897339 0.8505114316940308 0.45641303062438965 0.17466557025909424
0 0.26271575689315796 0.3394964635372162 0.4541865587234497 0.1675845980644226
0 0.26438555121421814 0.5094413757324219 0.4419413208961487 0.12037765979766846
0 0.26327234506607056 0.6789929270744324 0.4552997350692749 0.20456337928771973
0 0.26271575689315796 0.8627065420150757 0.45863938331604004 0.1518489122390747
2 0.26327234506607056 0.43509048223495483 0.45752620697021484 0.025177001953125
